4.2	0.013915693
4.3	0.013543254
4.4	0.013204672
4.5	0.013543254
4.6	0.013780261
4.7	0.014220416
4.8	0.013881835
4.9	0.013814119
5	0.013780261
5.1	0.013814119
5.2	0.013814119
5.3	0.013847977
5.4	0.013814119
5.5	0.013814119
5.6	0.013847977
5.7	0.013780261
5.8	0.013949551
5.9	0.013712544
6	0.013814119
6.1	0.013780261
6.2	0.013780261
6.3	0.013881835
6.4	0.013881835
6.5	0.013712544
6.6	0.013915693
6.7	0.013814119
6.8	0.013746403
6.9	0.013746403
7	0.013847977
7.1	0.01361097
7.2	0.013678686
7.3	0.013814119
7.4	0.013712544
7.5	0.013373963
7.7	0.013644828
7.8	0.013712544
7.9	0.013814119
8	0.013543254
8.1	0.013712544
8.2	0.01398341
8.3	0.013644828
8.4	0.013712544
8.5	0.013373963
8.6	0.013543254
8.7	0.013814119
8.8	0.013035382
8.9	0.013881835
9	0.013543254
9.2	0.013881835
9.4	0.013543254
9.6	0.013881835
9.7	0.013373963
9.8	0.013543254
10	0.013373963
10.1	0.013543254
10.5	0.013204672
10.6	0.013543254
10.8	0.013373963
10.9	0.013543254
11	0.013373963
11.2	0.013373963
11.3	0.013881835
11.4	0.013543254
11.5	0.013373963
11.6	0.012866091
11.7	0.013035382
11.8	0.013712544
11.9	0.013373963
12.1	0.013373963
12.2	0.013543254
12.3	0.013373963
12.4	0.013712544
12.6	0.013373963
12.7	0.013712544
12.9	0.013543254
13.3	0.013543254
13.5	0.013373963
13.7	0.013204672
13.9	0.013712544
14.2	0.013712544
14.4	0.013204672
14.6	0.013712544
14.8	0.013373963
15.1	0.013712544
15.4	0.013712544
15.6	0.013543254
15.8	0.013373963
16.1	0.013712544
16.3	0.013543254
16.5	0.013543254
16.7	0.013712544
16.8	0.014051126
16.9	0.013543254
17.1	0.013543254
17.2	0.013881835
17.6	0.013373963
17.7	0.013543254
17.9	0.013543254
18	0.013881835
18.1	0.014051126
18.2	0.013712544
18.3	0.013949551
18.4	0.01398341
18.5	0.013881835
18.6	0.013881835
18.8	0.013881835
19.1	0.014389707
20.4	0.014051126
21.5	0.014558998
22.7	0.014897579
24.2	0.015405451
25.6	0.016251905
27.3	0.017944811
29	0.019637718
30.8	0.021669206
32.5	0.024377857
34.3	0.02759438
36	0.030641612
37.7	0.034196716
39.4	0.038428983
40.9	0.042491959
42.4	0.047062807
44	0.051802946
45.4	0.056204503
46.9	0.061960386
48.3	0.067208397
49.7	0.072117826
52.8	0.084983917
54	0.090401219
55.3	0.095987811
56.5	0.101574403
57.7	0.107668867
58.8	0.11325546
59.9	0.118672761
61	0.124428644
62.1	0.130015236
63.2	0.135601828
64.2	0.140511258
65.2	0.146267141
66.3	0.151684442
67.3	0.156932453
68.2	0.162519045
69.1	0.167936347
70.1	0.172676486
71	0.177416624
71.8	0.182495345
72.6	0.186558321
74.4	0.196715761
75.1	0.200270865
75.8	0.20399526
76.4	0.208058236
77.1	0.211274759
77.7	0.214321991
78.3	0.217877095
78.9	0.221262908
79.4	0.224648722
80	0.227018791
80.5	0.230235314
81	0.232266802
81.5	0.235314034
82	0.238191976
82.4	0.240900626
82.9	0.243101405
83.3	0.245471475
83.8	0.248010835
84.2	0.250550195
84.8	0.252920264
85.7	0.258845438
86.1	0.260876926
86.5	0.263077704
86.9	0.26460132
87.2	0.267140681
87.6	0.268664297
87.9	0.270357203
88.3	0.272219401
88.6	0.274250889
89	0.276113086
89.3	0.277975284
89.6	0.27966819
90	0.281530388
90.4	0.283223294
90.7	0.285593364
91	0.287286271
91.4	0.289317759
91.8	0.291349247
92.2	0.293211444
92.6	0.295581513
93.3	0.300321652
93.7	0.301845268
94.1	0.303876756
94.4	0.306246826
94.8	0.308109023
95.2	0.309971221
95.5	0.312171999
95.9	0.314203487
96.3	0.316912138
96.7	0.318774336
97.1	0.320636533
97.5	0.323345184
97.9	0.325376672
98.3	0.32757745
98.7	0.329778229
99.1	0.332148299
99.5	0.334687659
99.9	0.336888437
100.3	0.339089216
100.8	0.341120704
101.8	0.346538006
102.2	0.348908075
102.7	0.351278145
103.1	0.353986795
103.6	0.356356865
104.1	0.358726934
104.5	0.361604876
105.1	0.363974945
105.5	0.366345014
106	0.369222956
106.6	0.371762316
107.1	0.374301676
107.6	0.377179617
108.1	0.379718977
108.7	0.382089047
109.3	0.384797698
109.9	0.38801422
110.4	0.39055358
111.1	0.393600813
111.7	0.395801591
112.9	0.4029118
113.5	0.40562045
114.1	0.408498392
114.7	0.411376333
115.3	0.414254275
115.9	0.417470797
116.5	0.420179448
117.1	0.42322668
117.8	0.426612494
118.4	0.429659726
119	0.432368377
119.7	0.435415609
120.4	0.438632131
121	0.441679363
121.6	0.444049433
122.2	0.446927374
122.9	0.449974606
123.5	0.453021838
124.2	0.456576943
124.9	0.459285593
126.4	0.466565092
127	0.469612324
127.7	0.472320975
128.4	0.475537498
129	0.47858473
129.7	0.482139834
130.4	0.485017776
131	0.487895717
131.7	0.490604368
132.4	0.4936516
133	0.496529541
133.7	0.499576773
134.3	0.502454715
135	0.505840528
135.6	0.50871847
136.3	0.51142712
137	0.514474352
137.7	0.517183003
138.4	0.520568817
139.1	0.522938886
140.9	0.53157271
141.6	0.535127814
142.4	0.538005756
143.1	0.541052988
143.9	0.544438801
144.7	0.547993906
145.5	0.55154901
146.3	0.554596242
147.1	0.558151346
147.9	0.562045031
148.7	0.565092263
149.6	0.568478077
150.5	0.572541053
151.3	0.575926866
152.2	0.579989843
153.1	0.583206365
154	0.587100051
154.9	0.590824446
155.8	0.594887422
156.7	0.598442526
159	0.607584222
160	0.611647198
161	0.615710174
161.9	0.619265278
162.9	0.623328255
163.9	0.626883359
164.9	0.630777044
165.9	0.63484002
166.9	0.638733706
167.9	0.642796682
168.9	0.646859658
169.9	0.650414762
171	0.654477738
172	0.658710005
173	0.662603691
174.1	0.666666667
175.2	0.670729643
176.2	0.674454038
177.4	0.678686304
178.6	0.682918571
181.1	0.693076012
182.3	0.697308278
183.4	0.701201964
184.6	0.705942103
185.7	0.710174369
186.9	0.714406636
188.1	0.718300322
189.3	0.72304046
190.5	0.726934146
191.7	0.731504994
192.9	0.735737261
194	0.739969528
195	0.743524632
195.9	0.747249027
196.9	0.750465549
197.8	0.753851363
198.6	0.756729304
199.5	0.759945827
200.4	0.762993059
201.2	0.766040291
203.2	0.772811918
204	0.775520569
204.8	0.77839851
205.5	0.78093787
206.2	0.782969358
206.9	0.78601659
207.6	0.787878788
208.3	0.790248857
209	0.792618927
209.6	0.794819705
210.3	0.797528356
211	0.799559844
211.7	0.802099204
212.4	0.804638564
213.1	0.806670052
213.8	0.809209413
214.6	0.811918063
215.3	0.814118842
216	0.816488911
216.7	0.819197562
218.4	0.824784154
219.1	0.827323514
219.8	0.830032165
220.4	0.831725072
221	0.834095141
221.7	0.836126629
222.3	0.837819536
222.9	0.839512443
223.5	0.841713222
224.1	0.844421872
224.7	0.84628407
225.2	0.848654139
225.9	0.850177755
226.5	0.852209243
227.1	0.854071441
227.7	0.856102929
228.3	0.858472998
229	0.860165905
229.6	0.862197393
230.3	0.864567462
233.3	0.874217031
234.1	0.876756391
234.6	0.879465041
236.4	0.884713052
237.1	0.886913831
237.7	0.8892839
238.5	0.891484679
239	0.893516167
239.8	0.895378365
240.3	0.897240562
240.8	0.899102759
241.3	0.900457085
241.8	0.902319282
242.3	0.903673608
242.8	0.905366514
243.3	0.907059421
243.8	0.908075165
244.3	0.909937362
244.8	0.911630269
245.3	0.913661757
245.8	0.915016083
246.4	0.916539699
246.9	0.918401896
248.3	0.922972744
248.8	0.924157779
249.3	0.926019976
249.8	0.927712883
250.4	0.929236499
250.8	0.930421534
251.3	0.93211444
251.8	0.933807347
252.3	0.935161673
252.7	0.936854579
252.9	0.938039614
253.4	0.939224649
253.8	0.939732521
254.1	0.940409683
254.4	0.941764009
254.7	0.942779753
255.1	0.943795497
255.4	0.944811241
255.7	0.945996276
256	0.947350601
256.9	0.949889961
257.2	0.950736414
257.6	0.95209074
257.9	0.952767902
258.1	0.953614356
258.7	0.954799391
259	0.956153716
259.4	0.957000169
259.8	0.958354495
260.1	0.95970882
260.6	0.961232436
261	0.96224818
261.4	0.963941087
261.8	0.964956831
262.3	0.966480447
262.7	0.967665482
263.2	0.968850516
263.6	0.970543423
264.2	0.971559167
264.4	0.973082783
265.8	0.976976469
266.3	0.978161503
266.8	0.980023701
267.2	0.981716607
267.9	0.983917386
268.4	0.985610293
269	0.986964618
269.6	0.988657525
270	0.990519722
270.8	0.992043338
271.5	0.993905536
272.1	0.996275605
272.8	0.998137803
273.4	1
274.1	1.002031488
274.8	1.004062976
275.5	1.006602336
276	1.008125952
277	1.011003894
277.7	1.01252751
279.5	1.018791265
280.2	1.020653462
280.7	1.023362113
281.7	1.02522431
282.4	1.027255798
283.1	1.029795158
283.7	1.031826646
284.7	1.034027425
285.5	1.036228204
286.3	1.038936855
287.2	1.041306924
287.9	1.044354156
289.1	1.047232098
290.2	1.05044862
291.4	1.054342306
292.7	1.058066701
294.1	1.062806839
296.2	1.067716269
298.4	1.074149314
300.3	1.079397325
300.8	1.083798883
301	1.083223294
301.1	1.083561876
301.2	1.083934315
301.3	1.084239038
301.4	1.084814627